1 618.05554 62.499996 15000.0
2 615.7407 60.18518 14444.444
3 613.4259 57.870365 13888.889
4 611.1111 55.55555 13333.333
5 608.79626 53.240734 12777.777
6 606.48145 50.925922 12222.222
7 604.1666 48.611107 11666.666
8 601.8518 46.29629 11111.11
9 0 0 10555.555
10 0 0 10555.555
11 0 0 10555.555
12 0 0 10555.555
13 0 0 10555.555
14 0 0 10555.555
15 0 0 10555.555
16 599.537 43.981476 10555.555
17 597.2222 41.66666 9999.999
18 594.9074 39.351845 9444.443
19 592.5926 37.03703 8888.888
20 590.2778 34.722214 8333.332
21 587.96295 32.4074 7777.7764
22 585.64813 30.092585 7222.2207
23 583.3333 27.77777 6666.665
24 581.0185 25.462954 6111.1094
25 578.7037 23.14814 5555.5537
26 576.38885 20.833324 4999.998
27 574.07404 18.518509 4444.4424
28 571.7592 16.203693 3888.8867
29 569.4444 13.888879 3333.331
30 567.1296 11.574063 2777.7754
31 564.8148 9.259249 2222.2197
32 562.5 6.9444337 1666.6642
33 560.1852 4.629619 1111.1086
1 588.53937 62.500004 15000.0
2 588.53937 60.047756 14411.461
3 588.53937 57.595512 13822.922
4 588.53937 55.143265 13234.383
5 588.53937 52.691017 12645.844
6 588.53937 50.238773 12057.305
7 588.53937 47.786526 11468.766
8 588.53937 45.33428 10880.227
9 0 0 10291.6875
10 0 0 10291.6875
11 0 0 10291.6875
12 0 0 10291.6875
13 0 0 10291.6875
14 0 0 10291.6875
15 0 0 10291.6875
16 588.53937 42.882034 10291.6875
17 588.53937 40.429787 9703.148
18 588.53937 37.977543 9114.609
19 588.53937 35.525295 8526.07
20 588.53937 33.073048 7937.531
21 588.53937 30.620798 7348.991
22 588.53937 28.16855 6760.4517
23 588.53937 25.716301 6171.912
24 588.53937 23.264053 5583.3726
25 588.53937 20.811806 4994.833
26 588.53937 18.359556 4406.2935
27 588.53937 15.90731 3817.7542
28 588.53937 13.455063 3229.2148
29 588.53937 11.002815 2640.6755
30 588.53937 8.550568 2052.1362
31 588.53937 6.098321 1463.5969
32 588.53937 3.6460733 875.05756
33 588.53937 1.1938258 286.5182
